dh.d = [0.333 0 0.316 0 0.384 0 0 0.107]';
dh.theta = [0 0 0 0 0 0 0 0]';
dh.rotational = [1,1,1,1,1,1,1];
dh.alpha = [0 -pi/2 pi/2 pi/2 -pi/2 pi/2 pi/2 0 ]';
dh.a = [0 0 0 0.0825 -0.0825 0 0.088 0]';
dh.kr = [1 1 1 1 1 1 1];
dh.m = [0 0 0 0 0 0 0];
dh.dof = 7;
dh.modified = true;

q_offset = [0 0 0 0 0 0 0];